3.92903225806452
5.33928571428571
5.91290322580645
7.14333333333333
11.8387096774194
13.95
15.1774193548387
16.4806451612903
11.22
9.06129032258064
3.6
2.17741935483871
1.69354838709677
-1.22142857142857
4.17741935483871
5.84333333333333
8.86129032258065
10.96
16.7935483870968
15.9548387096774
12.6333333333333
7.92258064516129
4.49333333333333
2.96774193548387
2.63548387096774
3.51379310344828
3.69677419354839
5.20333333333333
12.5387096774194
16.7
16.4774193548387
14.8225806451613
12.2066666666667
5.65483870967742
4.44666666666667
2.51612903225806
1.61612903225806
1.10357142857143
2.64516129032258
7.11
12.4032258064516
12.8766666666667
13.3322580645161
13.1258064516129
10.13
6.46129032258064
1.60666666666667
1.38387096774194
1.97741935483871
-1.65
2.66129032258065
6.90333333333333
10.4741935483871
12.2033333333333
18.8290322580645
16.1129032258065
11.68
7.40967741935484
6.06333333333333
3.61935483870968
-0.345161290322581
3.375
2.42903225806452
5.61
9.38709677419355
13.4533333333333
16.5741935483871
17.5838709677419
12.3633333333333
10.6903225806452
3
-3.40967741935484
-2.34516129032258
-3.31034482758621
-0.251612903225806
6.42666666666667
8.29032258064516
12.9566666666667
14.0645161290323
17.458064516129
10.8766666666667
8.90645161290323
4.03333333333333
-1.0741935483871
-1.26451612903226
2.60714285714286
3.23225806451613
5.22333333333333
9.04516129032258
14.3
16.9774193548387
19.4935483870968
12.6133333333333
7.4258064516129
4.15
2.34838709677419
2.15483870967742
5.21428571428571
3.67741935483871
6.14333333333333
11.6161290322581
13.2766666666667
13.9677419354839
14.0354838709677
13.0433333333333
8.18387096774194
1.35666666666667
1.24838709677419
2.09677419354839
0.871428571428571
3.47741935483871
7.58666666666667
10.4096774193548
12.8266666666667
16.4064516129032
15.8741935483871
15.55
8.66774193548387
5.11666666666667
1.22903225806452
2.81612903225806
3.23448275862069
3.28387096774194
7.87666666666667
12.0870967741935
12.9366666666667
14.4129032258065
14.4354838709677
12.2433333333333
10.5064516129032
6.36333333333333
3.12258064516129
1.3258064516129
0.0857142857142857
0.670967741935484
5.29333333333333
10.8258064516129
11.97
16.7838709677419
16.3516129032258
12.02
11.5741935483871
4.42
-0.0903225806451613
2.79354838709677
3.65357142857143
3.78709677419355
6.99
12.4032258064516
14.62
16.3483870967742
19.0483870967742
13.6266666666667
6.03870967741936
3.39
-0.5
-0.116129032258064
-1.6
3.40645161290323
6.90333333333333
10.641935483871
15.1266666666667
17.4161290322581
16.8774193548387
13.2933333333333
5.61935483870968
5.92333333333333
3.32903225806452
-1.24516129032258
1.78275862068966
3.16774193548387
7.51
11.0354838709677
12.7233333333333
14.2774193548387
17.3709677419355
13.02
8.6
4.84
3.59354838709677
3.16451612903226
-0.396428571428571
1.11612903225806
7.23333333333333
10.4258064516129
13.3933333333333
16.541935483871
14.6806451612903
13.44
10.0806451612903
5.52
2.06774193548387
-1.75161290322581
-0.0464285714285714
-1.09677419354839
5.73333333333333
11.058064516129
14.53
18.9483870967742
16.4677419354839
15.7166666666667
11.358064516129
7.39333333333333
6.31290322580645
4.35161290322581
1.28928571428571
5.76774193548387
8.89333333333333
10.7032258064516
15.7933333333333
14.9387096774194
16.1741935483871
12.17
7.70645161290323
4.38333333333333
3.34193548387097
3.67741935483871
4.3551724137931
2.89354838709677
6.94666666666667
12.1645161290323
14.2166666666667
17.1161290322581
15.7451612903226
12.1566666666667
8.73548387096774
4.95
1.82903225806452
0.545161290322581
0.289285714285714
3.57096774193548
9.39
10.8161290322581
13.4266666666667
16.4258064516129
16.4870967741935
13.23
7.00967741935484
6.81
0.0483870967741936
-4.16129032258065
-3.01428571428571
2.38709677419355
6.45666666666667
8.91612903225806
13.2933333333333
17.7709677419355
15.4741935483871
11.7433333333333
7.92903225806452
1.83
-4.89354838709677
0.158064516129032
-0.517857142857143
2.89677419354839
10.0233333333333
10.6645161290323
14.4533333333333
15.9258064516129
15.4935483870968
13.4166666666667
9.12258064516129
6.52333333333333
3.35806451612903
1.66774193548387
-1
5.58064516129032
5.69666666666667
11.6741935483871
12.0466666666667
15.1903225806452
15.8258064516129
11.88
7.87096774193548
5.40333333333333
-0.6
-0.593548387096774
-1.05
-1.34838709677419
5.13333333333333
12.0612903225806
13.4833333333333
16.7354838709677
16.1967741935484
12.37
10.2354838709677
4.91
5.06774193548387
1.37096774193548
4.14285714285714
5.54516129032258
8.44
11.3935483870968
14.48
18.8838709677419
15.1903225806452
13.87
11.4838709677419
6.90333333333333
2.51290322580645
2.50645161290323
1.90714285714286
4.44516129032258
6.70333333333333
9.13548387096774
12.0633333333333
14.8967741935484
16.9096774193548
12.48
8.97096774193548
6.81666666666667
6.33548387096774
-0.0612903225806452
1.75172413793103
3.54193548387097
5.85666666666667
12.7838709677419
15.6466666666667
15.8290322580645
15.4709677419355
15.5533333333333
8.30322580645161
3.5
4.72258064516129
1.27096774193548
1.71428571428571
4.54516129032258
5.98
11.9032258064516
14.3
15.0741935483871
15.3483870967742
12.7
10.6064516129032
4.91333333333333
3.26774193548387
1.88064516129032
-1.11785714285714
-0.0483870967741935
8.46333333333333
15.4612903225806
16.4033333333333
18.8451612903226
16.8548387096774
13.5033333333333
9.83225806451613
5.67
4.08064516129032
1.45483870967742
4.30357142857143
5.03225806451613
7.93666666666667
9.26129032258065
15.79
16.458064516129
16.8258064516129
12.67
8.65806451612903
5.19666666666667
4.36774193548387
5.45806451612903
4.23793103448276
4.09354838709677
7.39
9.78387096774193
16.29
14.0967741935484
17.8096774193548
13.3833333333333
9.74516129032258
7.43
4.09354838709677
