-0.96515
-1.95265
-0.37265
3.8736
8.8111
14.3411
16.1186
15.3286
12.1686
7.72485
4.36735
3.18235
-2.15015
-3.2364
0.5161
5.4536
10.88485
13.25485
17.8961
15.62485
12.7611
9.30485
3.2811
0.5161
2.39235
-2.74265
1.3061
4.16985
7.52735
13.64985
13.3536
12.1686
10.09485
6.8361
2.4911
-0.6689
-0.2739
2.2936
4.0711
3.77485
10.68735
13.7486
14.9336
13.25485
11.67485
7.6261
3.37985
0.02235
0.02235
-0.76765
0.81235
5.74985
9.2061
13.1561
15.5261
14.7361
11.67485
7.6261
3.97235
2.4911
-0.17515
0.81235
2.2936
3.18235
10.68735
15.42735
16.1186
14.7361
11.5761
4.6636
2.78735
1.7011
0.61485
-0.0764
1.00985
5.8486
11.1811
14.3411
15.22985
15.03235
12.3661
8.51485
6.4411
-1.16265
-0.37265
-1.36015
1.7011
4.4661
9.50235
12.1686
13.7486
12.9586
11.08235
10.68735
3.6761
0.81235
-0.0764
1.3061
0.61485
4.0711
9.50235
14.04485
16.3161
14.24235
11.67485
8.4161
2.39235
0.9111
-0.17515
-1.95265
-1.0639
3.97235
7.92235
12.66235
13.84735
14.1436
11.47735
9.89735
1.99735
1.1086
0.7136
1.3061
2.98485
5.74985
10.88485
15.3286
15.7236
15.3286
12.1686
8.4161
2.0961
2.39235
1.1086
1.1086
1.8986
5.4536
12.06985
13.64985
15.82235
17.20485
12.9586
7.4286
4.6636
2.6886
-2.54515
-1.75515
3.37985
5.4536
9.10735
13.45235
17.3036
13.9461
9.6011
6.6386
3.18235
3.8736
-0.4714
1.1086
3.37985
6.14485
10.5886
13.45235
14.9336
14.24235
12.06985
8.0211
6.34235
2.58985
-0.57015
3.0836
2.4911
7.4286
9.9961
14.3411
17.99485
16.41485
12.1686
7.92235
3.6761
3.0836
-0.57015
0.1211
-0.17515
5.4536
9.2061
13.5511
14.3411
14.3411
11.27985
6.14485
2.0961
-0.0764
2.4911
-0.0764
0.1211
6.14485
10.09485
11.5761
15.1311
14.24235
10.7861
7.13235
5.15735
1.60235
-2.15015
-2.34765
-1.95265
2.8861
10.29235
16.3161
15.82235
16.3161
12.7611
6.93485
5.0586
0.1211
-0.76765
0.3186
1.7011
6.0461
11.3786
12.06985
14.9336
15.1311
10.9836
8.6136
3.77485
2.39235
0.7136
-1.55765
0.3186
4.95985
10.88485
13.05735
14.3411
13.25485
12.3661
6.14485
0.21985
-0.4714
0.3186
2.2936
4.2686
6.73735
10.68735
13.7486
15.82235
14.1436
11.9711
5.74985
3.37985
1.00985
2.58985
1.40485
4.56485
7.0336
12.06985
12.9586
15.42735
14.63735
11.47735
9.2061
0.81235
1.8986
-2.15015
-2.6439
1.20735
3.6761
10.3911
12.7611
14.04485
13.5511
10.68735
4.76235
3.0836
2.98485
1.99735
-1.2614
2.2936
3.8736
8.2186
10.09485
16.01985
13.25485
11.3786
8.8111
2.39235
-1.75515
-2.34765
-2.6439
-1.2614
3.0836
9.30485
12.66235
14.24235
14.5386
12.66235
8.6136
4.56485
3.2811
2.98485
2.4911
0.61485
6.0461
11.47735
13.3536
17.5011
15.7236
11.08235
6.93485
1.7011
-1.0639
0.02235
0.3186
2.2936
6.4411
9.50235
13.45235
16.80985
15.3286
12.26735
5.8486
5.0586
1.5036
1.99735
0.3186
4.16985
4.76235
7.72485
10.88485
16.21735
15.9211
12.06985
8.11985
1.79985
-3.2364
0.21985
1.40485
0.7136
5.0586
9.0086
11.1811
13.9461
14.04485
11.3786
8.11985
5.8486
0.61485
-3.0389
-7.3839
1.3061
2.39235
10.09485
11.5761
14.43985
14.63735
12.66235
8.71235
4.6636
3.4786
2.58985
-0.4714
1.99735
5.94735
9.9961
14.83485
15.3286
15.1311
11.9711
8.51485
5.0586
1.99735
0.21985
-0.96515
-1.8539
3.97235
11.47735
11.9711
14.9336
14.3411
10.29235
7.13235
4.76235
1.60235
2.78735
0.1211
-0.17515
5.15735
10.48985
13.1561
17.3036
16.21735
12.3661
7.13235
4.4661
2.4911
-0.8664
-0.37265
2.6886
5.4536
10.3911
15.3286
16.7111
15.5261
12.7611
8.8111
3.37985
0.02235
1.40485
2.6886
2.8861
6.6386
10.5886
13.7486
16.61235
15.42735
14.04485
9.4036
5.35485
4.56485
0.02235
1.5036
1.7011
5.74985
9.2061
14.43985
15.62485
15.22985
12.46485
8.2186
5.15735
1.00985
1.99735
-1.36015
1.5036
3.97235
10.1936
15.3286
16.21735
15.42735
11.7736
6.6386
4.56485
3.0836
-1.0639
-0.17515
0.1211
6.0461
11.5761
13.84735
16.41485
17.1061
12.7611
9.6011
3.2811
-0.2739
1.60235
1.40485
5.4536
5.8486
9.50235
12.9586
15.42735
17.00735
13.5511
8.8111
7.13235
0.41735
0.9111
2.6886
1.40485
5.94735
9.9961
14.63735
15.82235
17.20485
13.25485
5.35485
4.8611
0.1211
-4.8164
-7.1864
-0.76765
3.57735
10.48985
15.62485
15.5261
13.7486
10.5886
6.73735
4.8611
-0.17515
-6.5939
-3.73015
0.1211
3.2811
8.51485
13.9461
18.0936
14.3411
11.67485
7.32985
1.8986
2.2936
-6.9889
-6.69265
-3.92765
4.6636
9.50235
11.9711
14.3411
16.1186
12.85985
9.4036
4.36735
2.78735
-1.0639
3.37985
3.77485
7.2311
11.08235
14.1436
15.9211
15.1311
12.7611
9.30485
3.77485
1.60235
2.8861
0.5161
1.1086
5.55235
9.0086
12.5636
16.5136
17.79735
11.9711
8.6136
3.97235
1.60235
-1.55765
1.5036
4.36735
6.6386
10.5886
13.7486
16.41485
16.3161
12.66235
9.7986
4.95985
1.8986
-0.2739
0.5161
0.7136
7.32985
11.08235
12.66235
16.7111
14.9336
12.9586
6.34235
4.16985
0.21985
-3.13765
-7.48265
-2.54515
4.95985
12.7611
15.82235
16.5136
18.19235
14.83485
8.0211
4.16985
1.79985
0.1211
-0.57015
3.37985
7.8236
10.9836
14.1436
15.9211
15.7236
13.1561
8.11985
4.56485
2.8861
1.8986
2.6886
1.1086
6.93485
10.7861
13.3536
16.41485
14.83485
15.42735
10.48985
5.2561
3.4786
-0.6689
1.1086
3.57735
5.94735
11.7736
14.7361
15.5261
16.61235
12.3661
8.0211
3.8736
-0.37265
0.02235
0.3186
-0.0764
5.4536
9.6011
14.04485
14.83485
15.82235
13.5511
8.0211
6.4411
4.36735
0.3186
0.81235
0.1211
7.72485
10.68735
12.1686
14.9336
15.3286
10.1936
6.4411
1.8986
0.41735
0.5161
-0.96515
3.0836
6.53985
11.08235
15.82235
15.9211
15.3286
12.3661
10.29235
6.93485
2.8861
-0.8664
-3.73015
1.00985
4.6636
11.67485
14.24235
13.84735
14.24235
12.06985
8.90985
3.97235
3.2811
-1.2614
-3.4339
-1.2614
4.4661
8.2186
12.46485
17.5011
17.79735
13.7486
8.11985
4.76235
1.40485
-0.2739
-6.5939
0.61485
3.57735
10.5886
12.7611
15.3286
12.9586
12.3661
7.72485
2.98485
2.8861
1.79985
1.79985
2.4911
5.6511
9.10735
13.9461
15.9211
14.7361
10.3911
8.90985
4.4661
1.3061
-1.2614
-1.6564
-1.8539
3.4786
9.30485
13.3536
15.5261
14.63735
13.25485
9.4036
5.15735
1.8986
-0.37265
0.21985
3.4786
7.13235
10.9836
14.43985
17.1061
16.80985
12.66235
8.51485
4.6636
2.2936
-0.76765
-1.4589
1.5036
5.2561
10.88485
14.43985
14.1436
15.03235
12.1686
7.52735
4.8611
1.99735
-0.4714
2.78735
4.6636
7.32985
9.9961
14.5386
13.9461
13.9461
13.64985
10.48985
3.57735
-0.57015
1.5036
0.81235
-0.76765
5.74985
8.31735
12.5636
13.45235
13.05735
11.08235
8.90985
3.4786
-1.0639
-5.70515
-4.91515
-0.6689
4.56485
10.3911
14.3411
15.22985
14.7361
11.9711
8.31735
6.2436
-1.0639
0.21985
-0.2739
-0.76765
6.73735
11.08235
13.3536
13.9461
14.04485
11.7736
6.8361
4.6636
1.1086
0.9111
-0.8664
0.61485
5.35485
8.6136
13.5511
13.1561
13.84735
12.7611
8.51485
0.9111
0.02235
-2.6439
-2.15015
2.19485
2.98485
10.68735
15.03235
14.83485
14.1436
11.87235
8.71235
3.18235
1.20735
-0.17515
1.79985
4.4661
5.0586
10.3911
13.1561
15.82235
15.22985
12.9586
9.7986
5.0586
0.9111
-1.2614
-0.96515
3.2811
6.8361
9.10735
15.1311
14.43985
16.01985
13.05735
8.6136
4.36735
-0.96515
-0.0764
-2.94015
-0.96515
4.76235
9.0086
14.5386
16.1186
16.80985
13.3536
9.69985
3.6761
-2.54515
-3.13765
-4.0264
-0.17515
2.78735
9.9961
16.21735
14.24235
15.3286
11.47735
8.31735
4.36735
1.8986
0.02235
1.79985
0.41735
5.0586
10.88485
12.66235
15.42735
15.42735
11.7736
8.71235
3.97235
4.4661
-1.95265
0.02235
2.39235
5.6511
10.09485
12.85985
16.41485
14.83485
10.48985
7.2311
4.76235
2.8861
0.9111
1.79985
4.4661
4.4661
9.9961
13.9461
16.80985
15.22985
12.5636
6.14485
2.78735
0.7136
2.39235
2.6886
3.18235
7.2311
9.69985
13.1561
13.84735
14.83485
12.5636
5.94735
4.6636
3.97235
3.97235
1.00985
2.2936
4.8611
10.09485
13.1561
16.21735
18.38985
13.5511
8.11985
3.77485
3.18235
-0.0764
-0.2739
-0.6689
4.76235
10.09485
13.7486
16.80985
16.1186
11.5761
8.51485
4.56485
-0.6689
-0.76765
-0.4714
3.0836
4.0711
10.29235
14.04485
14.63735
14.7361
11.1811
9.50235
5.15735
2.39235
1.00985
-2.34765
1.79985
3.97235
10.5886
14.1436
13.64985
14.7361
10.9836
9.10735
6.8361
-0.76765
-4.12515
-4.12515
0.5161
4.2686
9.6011
13.3536
12.9586
14.04485
11.7736
7.4286
4.0711
1.7011
-2.2489
-1.75515
0.02235
5.35485
9.7986
14.04485
14.9336
14.43985
12.5636
7.2311
3.2811
1.99735
-0.76765
-0.17515
2.19485
4.95985
11.5761
12.66235
14.43985
14.43985
12.5636
7.0336
4.4661
-4.32265
-4.0264
-1.16265
2.78735
5.6511
9.89735
13.45235
16.21735
16.01985
12.85985
9.4036
5.6511
2.0961
4.0711
-1.16265
2.8861
5.8486
9.69985
13.45235
16.41485
16.01985
12.3661
8.8111
3.77485
1.40485
0.5161
-0.37265
0.41735
5.74985
10.5886
12.5636
14.24235
15.7236
10.9836
9.9961
5.2561
2.19485
-5.50765
-4.6189
0.5161
4.2686
10.68735
12.5636
15.03235
14.63735
11.1811
9.2061
1.3061
2.0961
-1.75515
-5.6064
0.61485
3.57735
10.5886
13.64985
14.63735
13.84735
9.89735
8.51485
6.4411
1.99735
-5.55483870967742
-0.535714285714286
-2.22258064516129
6.45666666666667
8.60645161290322
10.7033333333333
14.0064516129032
13.3
10.9233333333333
8.44838709677419
4.84666666666667
2.54838709677419
3.03225806451613
1.92758620689655
1.19032258064516
4.96333333333333
11.9451612903226
15.2933333333333
15.4064516129032
14.5870967741935
12.5533333333333
7.79354838709677
3.21666666666667
3.59032258064516
4.95806451612903
4.29285714285714
5.15161290322581
5.65333333333333
10.8096774193548
13.8
16.2
14.5064516129032
12.8466666666667
9.65483870967742
3.90666666666667
2.09032258064516
3.92903225806452
5.33928571428571
5.91290322580645
7.14333333333333
11.8387096774194
13.95
15.1774193548387
16.4806451612903
11.22
9.06129032258064
3.6
2.17741935483871
1.69354838709677
-1.22142857142857
4.17741935483871
5.84333333333333
8.86129032258065
10.96
16.7935483870968
15.9548387096774
12.6333333333333
7.92258064516129
4.49333333333333
2.96774193548387
2.63548387096774
3.51379310344828
3.69677419354839
5.20333333333333
12.5387096774194
16.7
16.4774193548387
14.8225806451613
12.2066666666667
5.65483870967742
4.44666666666667
2.51612903225806
1.61612903225806
1.10357142857143
2.64516129032258
7.11
12.4032258064516
12.8766666666667
13.3322580645161
13.1258064516129
10.13
6.46129032258064
1.60666666666667
1.38387096774194
1.97741935483871
-1.65
2.66129032258065
6.90333333333333
10.4741935483871
12.2033333333333
18.8290322580645
16.1129032258065
11.68
7.40967741935484
6.06333333333333
3.61935483870968
-0.345161290322581
3.375
2.42903225806452
5.61
9.38709677419355
13.4533333333333
16.5741935483871
17.5838709677419
12.3633333333333
10.6903225806452
3
-3.40967741935484
-2.34516129032258
-3.31034482758621
-0.251612903225806
6.42666666666667
8.29032258064516
12.9566666666667
14.0645161290323
17.458064516129
10.8766666666667
8.90645161290323
4.03333333333333
-1.0741935483871
-1.26451612903226
2.60714285714286
3.23225806451613
5.22333333333333
9.04516129032258
14.3
16.9774193548387
19.4935483870968
12.6133333333333
7.4258064516129
4.15
2.34838709677419
2.15483870967742
5.21428571428571
3.67741935483871
6.14333333333333
11.6161290322581
13.2766666666667
13.9677419354839
14.0354838709677
13.0433333333333
8.18387096774194
1.35666666666667
1.24838709677419
2.09677419354839
0.871428571428571
3.47741935483871
7.58666666666667
10.4096774193548
12.8266666666667
16.4064516129032
15.8741935483871
15.55
8.66774193548387
5.11666666666667
1.22903225806452
2.81612903225806
3.23448275862069
3.28387096774194
7.87666666666667
12.0870967741935
12.9366666666667
14.4129032258065
14.4354838709677
12.2433333333333
10.5064516129032
6.36333333333333
3.12258064516129
1.3258064516129
0.0857142857142857
0.670967741935484
5.29333333333333
10.8258064516129
11.97
16.7838709677419
16.3516129032258
12.02
11.5741935483871
4.42
-0.0903225806451613
2.79354838709677
3.65357142857143
3.78709677419355
6.99
12.4032258064516
14.62
16.3483870967742
19.0483870967742
13.6266666666667
6.03870967741936
3.39
-0.5
-0.116129032258064
-1.6
3.40645161290323
6.90333333333333
10.641935483871
15.1266666666667
17.4161290322581
16.8774193548387
13.2933333333333
5.61935483870968
5.92333333333333
3.32903225806452
-1.24516129032258
1.78275862068966
3.16774193548387
7.51
11.0354838709677
12.7233333333333
14.2774193548387
17.3709677419355
13.02
8.6
4.84
3.59354838709677
3.16451612903226
-0.396428571428571
1.11612903225806
7.23333333333333
10.4258064516129
13.3933333333333
16.541935483871
14.6806451612903
13.44
10.0806451612903
5.52
2.06774193548387
-1.75161290322581
-0.0464285714285714
-1.09677419354839
5.73333333333333
11.058064516129
14.53
18.9483870967742
16.4677419354839
15.7166666666667
11.358064516129
7.39333333333333
6.31290322580645
4.35161290322581
1.28928571428571
5.76774193548387
8.89333333333333
10.7032258064516
15.7933333333333
14.9387096774194
16.1741935483871
12.17
7.70645161290323
4.38333333333333
3.34193548387097
3.67741935483871
4.3551724137931
2.89354838709677
6.94666666666667
12.1645161290323
14.2166666666667
17.1161290322581
15.7451612903226
12.1566666666667
8.73548387096774
4.95
1.82903225806452
0.545161290322581
0.289285714285714
3.57096774193548
9.39
10.8161290322581
13.4266666666667
16.4258064516129
16.4870967741935
13.23
7.00967741935484
6.81
0.0483870967741936
-4.16129032258065
-3.01428571428571
2.38709677419355
6.45666666666667
8.91612903225806
13.2933333333333
17.7709677419355
15.4741935483871
11.7433333333333
7.92903225806452
1.83
-4.89354838709677
0.158064516129032
-0.517857142857143
2.89677419354839
10.0233333333333
10.6645161290323
14.4533333333333
15.9258064516129
15.4935483870968
13.4166666666667
9.12258064516129
6.52333333333333
3.35806451612903
1.66774193548387
-1
5.58064516129032
5.69666666666667
11.6741935483871
12.0466666666667
15.1903225806452
15.8258064516129
11.88
7.87096774193548
5.40333333333333
-0.6
-0.593548387096774
-1.05
-1.34838709677419
5.13333333333333
12.0612903225806
13.4833333333333
16.7354838709677
16.1967741935484
12.37
10.2354838709677
4.91
5.06774193548387
1.37096774193548
4.14285714285714
5.54516129032258
8.44
11.3935483870968
14.48
18.8838709677419
15.1903225806452
13.87
11.4838709677419
6.90333333333333
2.51290322580645
2.50645161290323
1.90714285714286
4.44516129032258
6.70333333333333
9.13548387096774
12.0633333333333
14.8967741935484
16.9096774193548
12.48
8.97096774193548
6.81666666666667
6.33548387096774
-0.0612903225806452
1.75172413793103
3.54193548387097
5.85666666666667
12.7838709677419
15.6466666666667
15.8290322580645
15.4709677419355
15.5533333333333
8.30322580645161
3.5
4.72258064516129
1.27096774193548
1.71428571428571
4.54516129032258
5.98
11.9032258064516
14.3
15.0741935483871
15.3483870967742
12.7
10.6064516129032
4.91333333333333
3.26774193548387
1.88064516129032
-1.11785714285714
-0.0483870967741935
8.46333333333333
15.4612903225806
16.4033333333333
18.8451612903226
16.8548387096774
13.5033333333333
9.83225806451613
5.67
4.08064516129032
1.45483870967742
4.30357142857143
5.03225806451613
7.93666666666667
9.26129032258065
15.79
16.458064516129
16.8258064516129
12.67
8.65806451612903
5.19666666666667
4.36774193548387
5.45806451612903
4.23793103448276
4.09354838709677
7.39
9.78387096774193
16.29
14.0967741935484
17.8096774193548
13.3833333333333
9.74516129032258
7.43
4.09354838709677
