4.1
5.4
6
7.4
12.2
14.6
15.6
16.8
11.9
9.8
4.3
2.7
2.1
-0.9
4.3
6.3
9.3
11.6
17.3
16.6
13.4
8.7
5.2
3.4
2.8
3.6
4.2
5.9
12.9
17.3
17.3
16
12.9
6.5
5.1
3
2
1.3
2.9
7.4
12.7
13.6
14.3
14
11
7.1
2.2
2.2
2.6
-1.2
3
7.2
10.9
13.1
19.5
16.8
12.6
8
6.6
4.2
0.2
3.7
2.9
6.1
9.9
13.9
17.4
18
13.1
11.5
3.7
-2.2
-1.8
-2.9
0
6.6
8.8
13.4
14.7
17.8
11.5
9.7
4.7
-0.5
-1.1
3
3.7
5.6
9.7
15
17.6
20.4
13.2
7.8
4.4
2.7
2.4
5
3.8
6.6
12
14.1
14.6
14.7
13.4
8.6
1.9
1.3
2.3
0.9
3.7
7.6
10.8
13.6
17.3
16.6
16.2
9.4
5.5
2.3
3
3.6
3.8
8.2
12.7
13.7
14.9
15.2
13.2
11
7
3.8
1.7
0.5
1.1
5.6
11.3
12.8
17.4
16.9
12.6
12
5.3
0.7
3
4.3
4.3
7.3
12.8
15.6
17.1
19.7
14.7
7.2
4.3
0.2
0.4
-1.1
3.5
7.1
11.4
15.8
18.2
17.8
14.1
6.7
6.7
3.9
-0.2
2.2
3.7
7.9
11.3
13.6
15.2
18
13.8
9.7
5.5
4.1
3.7
0.3
1.5
7.6
10.8
14.1
17.3
15.5
14.5
11.1
6.3
2.7
-0.9
0.5
-0.2
6.1
11.4
15
19.8
17.1
16.2
12.2
8.1
7
5
2.2
6.1
9.3
11.5
16.1
15.7
16.8
12.9
8.7
5
3.7
4.1
4.6
3.6
7.4
12.6
15
17.6
16.5
12.9
9.6
5.9
2.6
1
0.8
4
9.4
11.5
13.9
17.2
17.4
14.1
7.9
7.3
0.8
-3.2
-2.2
2.8
7
9.4
13.9
18.7
16.2
12.6
8.7
2.9
-3.9
0.3
-0.1
3
9.9
11.3
15.1
16.3
16.1
14.1
9.8
6.7
4.2
2.3
-0.7
5.7
6.2
12
12.7
15.9
16.7
12.9
8.8
6.1
0.2
0.1
-0.4
-0.8
5.5
12.1
14
17.3
17
13.1
10.9
5.8
5.3
1.8
4.2
5.8
8.7
11.7
14.9
19.5
16
14.6
12.1
7.5
3.3
3
2.1
4.7
7
9.7
12.7
15.5
17.4
13.2
9.5
7.5
6.7
0.3
2.4
3.8
6.3
12.9
16
16.4
16.1
16.2
8.8
4
4.9
1.4
1.9
4.7
6.3
12
14.7
15.5
16
13.3
11.1
5.6
3.7
2.3
-0.7
0.3
8.4
15
16.5
19.2
17.5
14.1
10.3
5.9
4.3
1.9
4.2
5.4
8.1
9.8
16.2
16.7
17.4
13.4
9.4
5.7
4.7
5.5
4.7
4.4
7.7
10.1
16.3
14.7
18.2
13.9
10.4
7.7
4.2
